4.75 2.08 4.98
4.88 3.49 3.83
4.91 4.28 3.24
5.87 1.64 2.24
5.77 3.02 2.74
5.04 4.9 1.55
4.99 2.61 1.67
7.49 2.18 0.34
3.08 1.27 5.09
5.33 3.37 2.79
5.13 3.66 3.13
6.73 2.36 2.01
4.78 3.22 2.84
2.96 3.37 3.69
4.14 3.03 5.14
4.79 2.6 4.05
4.23 1.8 2.97
6.13 3.75 1.92
5.02 4.06 3.91
5.17 2.91 1.82
4.79 2.52 2.78
2.34 4.07 4.99
2.89 3.32 4.83
6.68 2.5 1.69
4.94 3.84 2.33
3.85 3.3 3.85
5.83 2.81 3.02
4.07 3.32 3.78
4.22 3.81 1.63
4.97 2.44 2.14
4.64 3.17 3.22
4.95 2.3 3.69
5.17 2.34 3.56
6.35 3.89 3.26
6.56 3 1.8
4.34 2.84 3.12
4.95 1.64 4.03
5.22 2.12 2.72
5.62 3.95 4.86
5.73 2.23 0.75
4.47 2.5 5.04
3.53 3.87 3.62
5.95 3.89 3.37
4.89 2.89 4.69
4.81 4.01 3.34
6.21 2.19 0.47
5.55 3.41 3
4.8 3.33 4.08
4.71 1.26 3.26
3.51 3.48 5.78
3.68 3.35 2.11
3.93 3.25 4.61
5.94 2.25 2.42
3.86 3.74 4.5
4.87 3.62 4.04
6.31 2.45 1.65
5.05 4.64 4.34
7.99 2.74 0.85
4.21 4.9 2.65
3.62 2.69 4.08
4.39 3.25 2.13
2.65 3.27 3.79
6.09 3.4 3.25
6.18 3.27 1.17
4.75 4.4 4.34
6.8 1.87 1.96
5.11 2.14 4.28
4.09 2.92 2.61
4.42 3.13 3.67
6.54 2.37 2.81
6.36 1.93 3.01
4.53 3.49 4.36
6.5 3.06 3.12
4.78 2.49 3.06
4.37 2.84 4.25
4.42 3.26 3.32
4.19 1.15 4.61
6.85 4.26 2.63
6.26 3.37 2.37
5.24 1.81 2.85
6.15 3.07 2.36
3.88 2.98 4.68
6 2.75 2.83
6.28 2.56 2.83
5.87 2.2 3.7
6.83 3.81 3.66
5.89 1.71 1.42
4.88 2.08 3.84
6.01 1.91 1.65
4.22 2 3.76
4.38 2.12 4.58
5.78 2.47 2.6
7.88 2.76 1.44
6.33 3.54 2.2
5.13 3.42 4.31
5.01 2.23 3.97
3.04 3.15 3.61
5.15 4.18 4.45
5.44 1.83 3.44
5.34 2.73 2.91
